11066
5506
13970
10073
15894
20439
9498
8300
11541
31598
8917
26367
22103
21501
14961
24976
12973
10776
2303
19585
4678
15691
32690
1225
3211
31846
29412
27370
10055
8216
6746
29219
30987
21439
26313
12262
19153
24703
20633
32652
31967
3729
1000
3656
13038
12510
3538
25433
2956
3789
28400
14468
26303
8281
14110
14018
32747
20582
3714
27446
24309
14677
20426
2145
25769
4054
6068
18329
30297
12285
28116
32439
3271
153
27282
15889
10822
8385
32370
2728
31771
5039
16024
2210
11049
24274
23179
10746
8142
19998
7993
13686
15624
21159
11067
14809
22236
12142
14427
16730
26616
26746
7763
22870
19095
10283
29400
16962
30885
3788
27351
23523
5923
8295
24831
8641
20686
17629
9599
19417
17403
3637
31505
26514
1990
14645
25911
31986
3179
7215
11204
5138
23284
30750
14239
11983
30741
24562
11460
2755
28244
10791
25995
16244
17260
8348
13101
3274
23796
25251
1924
28103
6204
11604
27666
17266
6520
32296
27205
11284
5664
17347
18681
23207
7830
4368
17215
652
11018
1683
7261
11132
28571
26107
13590
449
15294
1015
1579
30374
26852
3147
9249
17708
7255
19491
12357
12030
24677
30375
23278
1447
22721
6095
23298
21507
5670
10617
32443
15347
19773
32441
14763
23637
29889
31088
21502
21300
3809
15904
7936
12347
8678
23038
21215
27504
9237
3913
31153
13343
24279
15323
3000
11283
3351
3582
8421
25356
14572
31616
23452
9838
7288
12042
28855
31031
2576
24493
28877
18483
8092
18110
14004
11891
18753
10212
8004
24059
22334
8047
28254
187
11028
10987
1325
9665
16362
8181
19884
3756
4655
1358
32617
29028
10881
558
8584
520
20430
22491
28170
22824
9401
6521
31312
2613
13375
5668
18650
32309
12698
10556
10325
26299
28517
25856
981
23831
20994
19295
2143
458
16697
2314
17322
12349
23841
26318
8230
6834
31300
25889
25150
25210
10494
13819
2778
104
19494
2279
17193
4487
752
23897
13725
23560
27154
20290
30775
8318
30758
4578
27652
2894
31056
3293
13800
23136
28192
20370
13466
2843
20922
20136
6128
9361
2868
8169
32093
29174
3647
10324
13752
16727
28426
28781
6206
31368
28003
4824
1755
8799
15136
31014
1957
7711
445
23279
6057
19255
27462
13089
6891
16173
12919
8087
3496
17365
32291
24302
23262
25542
3026
24724
31759
6926
28078
6945
17985
37
24480
7403
2121
31008
30646
2772
24137
20775
13768
359
24184
16937
13915
3108
801
18126
3269
10007
30191
18606
2194
32432
8295
32448
27175
25038
9654
4117
19109
6685
10669
20166
15120
7842
2314
7979
24241
21652
26361
24397
1208
21102
13274
25246
1318
22850
4421
21992
25834
30800
14155
8068
1354
3799
16127
4044
25221
8235
30262
30162
9655
11784
8330
27731
3580
3366
18853
29414
29912
26637
3260
10105
29143
25643
30041
13310
24944
7460
23902
17506
21295
27241
27719
6335
8980
8972
7087
2002
16950
21459
25877
1455
29355
7051
31969
691
31404
8606
16034
14011
4853
23272
11930
11411
5227
4295
13436
8626
10497
24177
29556
3620
988
6283
25448
26823
25782
21239
3966
31674
27264
30957
7646
23827
31051
11085
1209
24528
14184
22835
4234
4369
26062
18124
8091
5508
6077
30313
14027
31520
3489
10194
21392
21270
14137
25053
7992
10244
8440
14911
26484
9324
20652
20385
22
32102
21853
10743
29210
30097
3704
29965
7139
3151
28205
18786
9928
11570
15125
30522
30159
29617
5400
2031
29112
22304
16782
27016
22078
21215
676
30860
25753
24273
32257
23577
8007
19471
30378
26672
29452
23006
24099
31315
28984
5855
216
1106
32552
25222
20923
14690
7951
8909
6445
4463
13815
554
2850
5811
29442
18878
2176
12680
15350
11215
4041
26234
17144
4728
8442
15009
10648
18079
6323
12846
21774
808
18071
7491
22467
18536
17142
9992
5140
989
18346
23291
31826
24604
4158
5255
5133
20746
1366
3289
5778
12367
14154
31471
26290
32264
27669
31217
11205
6588
17518
10693
16367
1938
15412
15838
21410
5569
2575
28244
27236
30279
8789
32570
5331
8414
24874
21036
3046
4396
8172
13863
4469
13626
14798
27037
14844
8231
17346
713
924
21790
31645
12865
24162
16005
12917
5066
2508
9591
13902
367
27529
15733
32502
7381
17281
6232
8750
713
24853
5770
21258
23835
15784
10102
28827
18095
8286
28221
26571
13777
12067
7851
27783
24777
4336
9833
20004
20655
1353
30324
27387
5761
5387
205
1879
22131
16484
15987
2962
7558
20003
20878
28026
13660
8242
6125
18681
27211
12640
16818
27638
30640
8292
16460
22902
3718
27679
8614
2055
10807
17698
11166
24414
10161
6256
19385
14655
21181
14213
12053
27037
23948
16791
5791
4611
30355
12827
15237
17458
28826
14475
22511
14348
12559
15719
10218
6320
22687
14458
30372
11495
23048
15454
3039
24255
29480
23362
3488
26229
15450
18667
10791
7320
16899
24057
7716
14188
23656
24684
27432
30605
14787
13670
21082
2004
20117
24626
26475
5246
8253
29318
20428
23947
7626
20997
542
18533
31502
30472
6634
13506
16883
2206
5010
6347
3603
31186
1159
10366
9858
3116
9149
3153
27118
23418
13916
27416
16619
22223
13497
19240
2696
19149
15236
3773
14118
24864
7491
3993
1418
14667
10238
7662
5680
32423
29500
26238
18658
8104
18991
1025
6282
2659
1580
16327
26949
4685
27998
17822
31928
25414
27066
20214
167
9686
11317
2371
27587
14518
4149
15267
7364
9106
21318
28609
28600
9997
29967
8697
15771
3590
21380
15549
31271
9241
22365
25399
25581
30057
17606
20271
31397
15261
1112
17968
12227
7209
30792
27110
1355
7119
12766
26571
3813
27493
6953
19459
2356
29144
26866
31619
31588
14193
26862
6521
5890
5719
55
23528
18961
21590
28157
5011
14170
2526
9849
27421
2307
31311
23075
8558
20835
16755
32037
17241
28181
31308
25359
10363
8523
17169
17100
14182
21861
17011
14037
13567
16067
4644
3492
8996
20439
12954
32364
29330
13182
27665
5639
3078
16784
16591
28720
29859
8629
21675
4338
4500
4219
28112
29280
20210
31398
29375
6791
11752
25288
2451
19873
32277
17681
15497
12428
17969
28007
18367
28538
8180
29625
29756
15593
2867
21137
9265
15574
31821
19433
29822
12333
10693
4160
6008
29829
23856
23533
19690
11274
19282
32434
7002
8634
14212
404
11917
15829
26200
24298
32589
7822
9088
181
10345
10503
24300
31023
3326
9852
9523
10663
13301
16831
30516
19339
31949
30948
17661
4039
4506
22333
4076
18509
14926
2953
30739
20469
30008
11880
14561
9352
30922
19730
22783
26391
671
3145
4473
13970
6077
30604
12318
6294
6679
20622
31017
25733
22358
29414
19489
25820
29912
8200
4093
8897
23801
18292
10892
4060
4498
7981
1812
616
1984
8301
28730
14218
28903
15511
16673
20449
5366
24173
12758
31326
8684
2947
17132
16726
5275
14835
3171
11733
7851
11859
29647
13622
11747
30180
3509
9456
30884
20748
11833
179
13238
8711
27894
1716
21832
13273
8238
20037
2353
28039
4899
13480
14972
17798
31684
3109
22052
2420
29580
16730
11036
19974
30632
27347
2962
6978
13400
30426
4981
10478
8087
27536
14389
16200
9982
27965
1482
4087
29926
32485
11511
6978
4301
12572
18128
30080
24315
13082
29050
207
17252
31250
10802
28425
27601
29376
2192
8180
1339
28994
16141
12217
24695
21288
1220
18840
18969
1998
19573
4825
6546
29418
27855
16902
15259
23905
7663
13911
15319
26719
28708
9070
4531
13990
8181
9540
13458
16422
27493
20580
15143
974
19573
4695
2593
2979
15595
30303
22030
30479
26450
8808
31865
32635
26946
8251
30806
11040
2785
18165
30113
8729
4010
22711
18497
22973
1133
10400
18994
2605
11927
23800
25827
8745
180
8622
18909
11560
14386
24325
7846
24487
2152
18570
8165
15809
30423
22601
32710
4096
19631
2624
928
6771
16789
27668
9430
18944
17315
21763
14587
19452
176
23066
25913
17401
5330
21160
24819
5087
546
242
19369
27199
21951
13096
6684
2787
7702
28824
24243
1450
5728
1826
28958
20371
11115
3308
14649
29207
15774
10839
8499
17596
17464
16433
29423
25831
13784
15916
9386
24561
23106
15758
22751
17278
26976
13355
5479
2058
7047
21392
30181
2501
3836
26754
23905
929
9911
20135
27443
16553
18022
19586
14115
30612
4021
27557
6350
1178
1229
8481
32332
30086
13338
23106
5647
7181
20818
16761
20494
6750
24499
20378
31267
7674
20876
32071
31666
15558
16638
10412
29836
10334
9732
878
17171
11181
11697
7389
13726
9915
5817
23665
27423
31941
14131
116
9987
10387
3997
29948
7257
27398
3873
5916
29751
18417
27926
14427
4953
17705
15306
30309
25356
8160
6271
15105
8522
27694
7347
30787
31783
21233
29861
29955
31852
25047
16148
15758
897
8633
6730
3226
24720
26411
601
16512
16615
4433
25765
12453
32670
10996
3234
30521
6266
8660
19935
805
16914
2112
3908
1598
29488
5349
7064
5055
22394
21732
23365
758
30546
17447
23392
27197
5882
16372
17892
17964
4348
1986
12094
8461
12233
16460
23823
20112
19104
11493
27181
4033
10673
4875
27627
13110
30083
31806
31898
1421
13715
18963
20303
9750
8766
20612
12519
5068
19936
27274
6729
1674
26942
15598
14315
26747
10017
7003
2712
979
836
17337
1392
14524
28784
25526
19760
20371
12774
7333
31923
15189
25597
31116
4793
24660
30732
2936
27880
13103
10122
8212
29712
17408
8820
18042
23987
2519
31983
5705
9925
616
8239
27896
11184
31232
17047
5482
411
4030
11042
3522
29932
18943
17409
24440
20747
20250
16518
15789
21865
5710
23104
23995
31682
9464
26984
15889
29599
11273
23675
20286
30494
6584
21289
13131
23797
29556
24686
1870
2997
3101
14335
27452
12876
27251
19175
15359
27086
29647
6002
13256
9333
12049
12362
25767
3558
13273
16096
16729
16565
6650
1293
10337
29996
32043
8698
9562
3400
26880
7741
23691
8709
16665
836
21692
30171
31130
503
4936
28809
13274
27801
15988
2065
4960
2031
14847
15108
24331
30629
29178
32767
17040
18925
18394
20086
17450
26217
21964
9392
17036
25675
31816
12051
3867
3003
28137
29858
30810
1657
11644
11460
22693
963
12887
8775
32035
21369
9964
18340
30966
15487
30109
24709
14516
4707
6098
25732
27163
20031
23369
32566
3072
12001
4526
20840
14985
9258
24172
22440
2972
2484
5826
6664
3991
29879
26649
2334
19010
6446
14485
11343
14338
2613
30186
1358
13135
22966
18033
19679
20071
23364
20603
27873
30020
3655
3045
23435
27596
29530
20972
15350
31817
20721
8003
26587
27160
11071
15459
18079
31909
29527
16419
5516
13975
12689
8328
1378
3399
12079
17886
20750
13431
25408
21511
12729
21057
9925
7700
21508
12109
29715
30738
12946
14151
13688
23334
31176
23952
26401
4061
22736
14900
4155
21181
25572
29469
22361
10016
27593
17798
13846
19522
28313
17330
4091
2200
1478
6877
12451
16227
30044
30067
29980
1158
16518
19840
9361
8852
26452
17255
15398
18222
12731
19672
12836
18828
11230
20476
29782
16217
14219
32498
9651
21444
22281
1919
24380
5332
5393
27393
30760
11003
11802
4773
6463
12015
24282
29658
8068
4533
31753
22790
4630
19198
14184
8823
12120
16823
13826
5020
21840
8924
23473
117
18765
6797
28645
28488
8909
9059
32673
662
23965
24580
8390
16205
22338
13045
31380
831
15256
2224
14190
16339
9401
2039
17373
19706
29216
7271
32472
26725
6927
3920
16195
13558
45
8900
21173
20084
116
25326
22910
17794
21834
8613
9193
6098
31214
20545
29886
30870
8726
11182
19723
32055
983
28351
9508
586
30916
32452
14057
23744
14938
18014
15687
11100
15772
12946
19714
23659
29178
1565
10929
15279
26487
30471
16906
7324
8203
19067
8799
29895
4166
25302
9321
31387
4919
29694
7493
7245
21900
20981
17084
25363
31738
3502
9415
5777
2272
21535
24658
13460
17703
17303
28481
4355
12396
11090
14769
12819
15457
26955
19584
15545
22384
23121
22799
1381
2722
4189
25158
6381
11968
17187
15065
20935
31928
12007
14538
19836
32065
21906
16944
22105
7106
22021
5942
5480
24688
19885
32102
8351
5559
30807
12328
14678
23772
582
14981
20223
30176
16515
7729
6673
16039
17269
27593
25413
11610
30641
12377
19205
18953
18707
23585
9505
27541
31758
1689
15557
15309
12608
13234
5288
18135
18250
32351
30597
6610
3806
19540
27855
13497
1306
28429
26017
21386
2068
22035
13812
21160
14774
13947
11796
12926
1228
19375
26709
32358
30811
5489
7937
6857
27956
14108
7830
16007
10698
23597
10286
7065
30785
17923
22591
31477
25287
26339
25988
20401
2599
11839
19515
1388
19099
27192
14737
3562
8930
25185
19291
29182
4499
4038
30726
27053
23729
5677
13009
16272
30591
25243
8249
890
31382
4890
28341
20571
25140
3002
10148
10596
1751
23766
3204
12908
1035
24216
21604
18323
384
9663
23964
14373
4703
13728
10171
10433
7902
4971
10689
24762
3091
7856
22671
1725
5637
21282
29083
4276
4105
22426
24040
27371
32588
32351
16694
6769
17324
6820
2422
24258
17100
20306
4736
5794
18791
15112
12808
27724
5860
9568
16334
3276
18219
4469
28182
28330
3768
22946
1624
27592
31981
14476
24120
12941
14509
25442
6328
21059
27430
6499
1965
26302
19694
19617
16752
10047
2386
18437
16085
23704
27627
30356
5473
656
3186
12272
8631
6280
27860
11810
13908
25951
15753
4246
8828
12948
15394
4199
9588
17066
24610
18910
8690
1745
18959
16181
9682
22466
10441
30880
6666
13803
2330
25998
12000
21708
17293
25387
22619
30113
31876
3114
28407
21825
27269
13763
18588
12614
22229
15863
24017
10350
3144
3867
20270
31297
10327
31892
24335
27124
627
23776
13200
18574
7577
1238
29877
27209
22567
2094
6888
2875
19950
25411
425
26421
8328
29208
4737
2284
6635
22681
7223
5206
23871
16420
10823
4183
6637
3656
28816
29597
29945
30925
8013
30921
7313
6900
13126
32207
14822
28671
5704
29343
13626
22260
9170
6917
58
927
26129
10189
23183
214
7950
27436
17584
10241
29223
11355
5370
12761
16828
24197
25346
17519
5418
16099
15658
8816
6909
7718
23666
24488
7009
22805
19089
16070
28378
17527
11845
7263
19765
4147
12775
2869
2239
26038
14402
1464
2484
17813
21413
22733
7674
26739
13111
11215
28943
10022
31371
18899
16449
11797
14196
4145
7965
32740
27163
9792
24617
2900
21326
25184
30166
22628
32027
62
24496
4285
12702
3155
30680
26444
21527
10414
13492
9009
20543
3828
13029
20952
5085
29605
7033
25701
18068
11936
14946
15446
13311
19690
22823
27491
7168
28587
12762
10921
23892
7289
3658
19720
11883
25305
26489
12490
22647
31491
6481
29829
10436
16870
32402
29506
3143
13932
2319
19422
2425
23551
10778
30641
3174
9804
7997
13422
14592
21063
30507
17738
14266
20591
25333
20321
12370
9299
10113
21845
26350
23893
17209
5688
12139
3246
7168
21420
10994
23730
18794
17224
972
11605
20268
12094
7031
23023
23505
2619
24313
3132
24495
31375
13684
16551
4122
8334
15611
24520
10967
7222
18852
4395
3539
5650
23262
11091
30485
20317
31493
25854
242
32107
15668
11179
11904
29765
19803
17242
7245
25748
18065
5011
10576
12480
17323
17833
11295
7512
24077
6208
2147
24757
3776
3085
14473
21978
9669
19933
8123
22175
19369
473
14351
271
16730
21512
28926
27662
21049
29205
21015
3903
11376
21075
13812
25124
4998
27646
12654
30343
8497
17604
31501
4633
2155
30595
26306
2906
3783
6229
18905
28088
12294
6602
23337
10491
8165
6004
25486
20448
7738
10665
21145
10756
20799
9860
2949
7428
6702
29741
32365
12515
6158
20570
25021
13228
19660
12566
8167
16472
6285
8898
19799
11505
32579
18265
15016
9208
27774
23288
30488
27909
27014
24989
22329
10413
31142
25134
21482
936
4298
21182
21894
9523
22605
6669
16219
23732
13836
19021
20318
21149
18879
31020
9756
16530
21641
22798
2804
29902
16077
30618
16516
9411
12356
17785
32097
21248
28236
19290
23819
19544
29827
12346
23840
65
31637
29922
15055
14458
25170
2225
17552
29681
11524
7067
29714
26851
3839
20850
25717
29253
12921
14948
30906
27747
12956
13510
18040
17607
31706
7184
6352
16732
1665
26920
8098
17107
8079
10211
7937
1606
13255
26057
13029
10779
20740
32280
31520
31276
20942
26380
17300
18212
26411
25694
31906
19756
29879
17162
6118
28104
29431
598
7457
16635
19435
3600
2934
16818
26082
28183
23258
6496
20626
3869
12742
20197
18536
2218
9006
23732
1053
1124
2231
29237
138
10895
19749
25704
16061
14288
15122
4556
10316
8246
9190
15743
3561
25466
29443
9638
29751
30342
320
22799
8925
26165
15513
4117
10712
5978
30757
3268
20757
18435
30792
17982
9791
13823
3881
25437
7382
3741
23910
18586
29825
2999
2823
15662
22949
25071
3249
27511
29750
25657
18716
16540
22733
154
12999
28532
4091
31279
10731
6820
10206
1136
15021
27144
1009
9142
2967
3925
24360
30459
4169
32252
13373
20193
21612
23121
68
13814
29416
25580
4998
20023
3415
24399
25740
10195
22457
17098
6522
30001
3177
10908
15263
16435
23632
22619
18761
1213
12120
16790
6622
21617
18723
29112
18472
26557
9726
17199
5873
16408
9232
13262
976
16264
19671
22640
31810
22888
21206
13279
26876
16488
6023
29940
896
13781
19863
24575
10735
24091
2898
26472
9502
16008
24925
14231
5355
18514
18851
14866
30418
5340
657
21477
31419
14133
10886
25415
6678
18145
12165
16506
9514
2013
26414
17907
15018
21469
25324
9147
23946
10456
21615
533
7440
198
5725
14177
814
22185
11588
5440
15631
31946
21716
4345
12784
10309
27979
19228
31793
21959
23856
14949
30892
27543
15172
32226
24645
15571
21686
6744
8130
20989
25494
9956
25054
6838
2444
11486
32664
27848
25290
16130
19153
29802
17727
3026
26390
31168
13
28470
9403
8098
12094
18278
4649
32670
30642
4361
14200
18240
16220
3743
12353
14992
13743
32540
6061
16349
16466
10197
31442
22713
8219
13728
17728
11333
25147
14647
23510
1711
29110
17118
23003
29176
23831
24902
9290
19451
9313
1968
18284
32171
9032
8021
21164
14236
27553
18438
9896
22469
9240
3088
27012
23684
16161
2914
5507
2274
7729
25074
21976
7705
29997
19804
9657
20051
547
21964
26038
19637
27960
32287
23369
7836
25825
16197
20142
4646
19030
21226
15092
32245
580
4437
17493
11823
15810
26256
26819
8905
20359
8905
7875
774
24922
10744
22142
27194
7625
18114
4373
29140
8734
9373
566
7323
19599
13622
28653
1848
15029
1296
17596
501
3136
17261
2029
30660
15848
369
12327
18051
12455
27781
1088
27774
12581
2042
32338
12086
4980
10734
25873
8033
14077
16244
3931
7729
1722
7151
1553
18393
18854
22463
30758
26446
22386
544
13557
22346
1402
10830
8408
29847
24567
1006
22518
1418
886
10921
29532
15054
10889
18714
9296
11618
17340
9962
6625
32229
9162
25145
25795
30994
10257
22592
19802
25991
23876
309
20501
24266
32352
17263
13309
24973
24545
459
28558
27953
6965
26958
20421
24202
3697
16908
5498
26594
1091
18248
31984
19008
6183
19164
25515
13290
10974
10204
129
26664
31517
18550
25076
5195
13954
17180
9919
30190
5835
21222
9391
13948
24394
12081
29108
8178
20116
1677
824
3814
22650
8406
22447
17865
15418
27808
24176
1385
19190
31704
4547
3769
29284
13225
30523
29141
24520
13213
31302
20033
20255
14341
21762
26737
23197
31642
31570
14479
24154
23652
15410
22136
17481
18395
3399
26376
19561
12877
13498
28311
9535
7551
17735
11459
26755
29335
8337
25968
20506
13113
29625
15118
14148
17905
25134
32283
15383
25041
21191
5608
5420
23899
4879
26271
28568
25761
17632
22661
26909
23210
18995
25725
31394
27160
9014
18894
26337
2312
29343
20773
352
29754
7232
16606
24994
25970
12764
26239
22174
2333
8762
22917
11888
30520
24183
23396
9807
13166
27040
30921
5823
30848
1665
20514
12295
21226
30647
8544
23270
20164
1549
2811
4482
15590
16645
6199
17569
21327
11700
1191
8475
11464
22483
22767
18832
27588
30996
17613
22614
1163
10930
23131
15797
29335
21836
3726
20055
23870
21235
8963
5626
28562
30594
23803
17000
26502
29485
11684
15017
8274
17245
12186
13943
7192
9660
7597
27122
20679
16779
9957
6549
15424
31548
17347
10857
951
9789
28874
632
8796
2322
29246
19845
27451
26534
1324
31226
25185
2019
8618
546
12609
25728
12896
21912
14934
538
25927
30464
4105
6791
31153
8692
21204
4711
12170
3393
15016
27899
15325
7508
20364
12859
26265
6895
5512
31522
13718
16929
12225
6221
18643
15732
16101
1732
19458
24936
32457
10008
8518
15392
26449
27310
10555
19804
21649
27482
19511
31399
31281
8495
10447
5074
9750
10902
2973
31648
5694
23198
5185
18627
26092
403
11174
29447
22022
9170
12167
24782
29883
4827
30513
26812
26728
7336
5514
7091
25021
17726
31826
27394
31004
16001
25769
32473
31553
4684
8401
20737
26920
12993
15158
24521
12075
25822
1707
3396
22380
14673
1015
32433
15218
1934
16528
4155
30999
7966
4774
12515
11937
9018
22115
15034
16943
17560
4210
6995
14423
19845
6590
24696
24077
13364
14460
32028
18886
10070
19051
23185
30686
18666
25690
2555
1591
2903
2796
10757
21284
25784
26776
21714
901
19575
9459
10807
13363
14109
16690
18983
23198
1128
7658
21358
6324
5023
3611
15010
2053
29218
7021
3415
16421
22597
24505
30099
7250
26718
6091
4482
1111
25629
21351
29546
15536
19484
26249
24032
495
7607
32753
4157
29535
8990
2271
14156
4326
2472
12828
22085
20528
12907
21049
15359
3337
28937
31003
22625
22795
11468
23736
1562
28282
6134
795
7313
19052
29010
19886
24095
12845
1039
18872
5757
10209
22990
27173
32120
4715
21242
3718
12780
7310
6488
31576
24815
3922
8415
10121
27981
11178
10953
824
11061
18259
32490
7101
1073
12543
20289
16617
5979
8115
31181
3982
10703
12654
7329
1346
31580
15627
12347
353
21375
31592
7186
22353
23185
19400
31086
22026
4927
6006
30844
26837
2107
6316
7074
13651
561
2226
15632
23234
23037
31050
4760
13948
15131
23884
9151
20928
27230
1166
26132
23733
25829
3846
29632
23212
27468
6963
4191
25510
19743
13240
28686
7958
2196
16459
29893
23528
4729
32205
21992
27073
23147
16826
26136
6025
24393
3268
27471
31527
26600
12475
15660
26251
13320
3504
7563
11762
14727
10842
32601
9061
16853
11193
12199
27523
31656
28664
5372
3969
21745
20632
30960
28783
12558
20427
4086
32701
20289
13598
13178
24829
30049
23899
556
22762
13007
16814
23195
11690
20396
31238
25605
23632
15433
16062
6509
18341
5343
11645
2799
17448
3457
21851
18769
9555
23118
20037
12250
12320
26603
24482
103
5836
30769
31286
1467
25051
30498
2375
12311
27228
7202
24319
24586
18798
11108
16402
21387
24835
27554
21153
26949
25060
9233
29789
11826
29430
13972
15343
26987
23995
10799
10648
6719
25627
14783
19220
7298
9061
15081
22213
26407
10385
29009
525
6418
6600
8716
5884
18471
6438
31575
3371
18087
17598
9353
10727
21180
30686
2630
27538
25682
12693
15094
17479
3369
17523
26485
26557
7976
13200
23564
12398
3317
24783
1441
24568
14530
28772
22314
16067
9578
1428
9064
24292
15804
15548
16081
1601
9750
1685
32206
1014
19511
18614
25382
29944
10574
26459
4794
15352
27222
7268
23668
12427
29350
16289
29562
18823
27844
25676
9639
18096
23931
28631
10043
7572
27949
3561
18129
11699
23402
9635
7570
32739
20672
13351
4009
5363
725
12379
12534
1935
24244
23530
25095
1379
11621
9612
14660
25476
26304
136
3177
21003
9858
21879
11834
29443
30625
28746
13426
22661
27101
3982
23036
11809
9624
30959
20837
4480
29159
14075
7058
24136
24809
25641
13998
28992
5720
10010
14695
9909
23645
17438
11866
6172
31401
26618
17355
23800
961
4073
9114
21246
3225
13024
1906
12663
613
4118
23876
27623
4780
18116
4084
10220
22942
6953
18514
19048
19111
3282
14923
24546
1860
8728
21089
25642
6166
3306
22360
11580
15413
3277
21554
32103
17094
12832
24158
175
8912
26277
3117
14703
17739
24381
12165
8259
13690
23283
10457
31524
11131
21308
26200
12245
9501
381
25445
5503
241
24014
15432
2456
20388
31486
10787
19464
20363
25559
31527
26255
18048
23971
23303
9057
11757
13295
32685
22292
25894
29070
3629
444
24060
10977
19447
2901
30607
15702
28752
8033
31587
10287
10755
27601
28854
25221
11603
18217
14865
21132
24117
480
12574
18968
27324
26373
13497
11360
27093
12329
23881
8450
21044
28792
19281
30792
23950
15145
17474
9386
11273
2329
4500
28052
15345
8626
22036
16233
2476
2834
19840
15559
27632
17769
10833
29965
51
21923
1496
25626
15203
25416
5772
8024
29400
28064
8355
21498
29063
23578
21727
31361
28024
28142
4523
25477
29050
19714
14950
434
3861
18443
6399
5393
27840
30708
32194
7048
1108
21635
4465
10917
9665
31802
3479
5783
4607
13179
20249
2685
16968
24304
30478
30180
12165
32042
3536
29578
11782
25480
23635
3432
12661
16987
28598
496
3341
13383
31512
28308
1031
23789
2989
903
15957
23238
17169
9415
30099
4178
3036
7259
28219
2163
31862
16857
4376
31251
23597
15148
14589
12045
32388
14996
2230
21067
26830
24046
23871
26924
30204
4918
12340
31784
27828
9802
32393
12982
15267
23537
1915
26221
20499
15899
30662
29034
15040
32107
21785
15347
5863
3058
15815
19801
26529
21822
20671
25635
24431
14227
20926
22888
17942
8824
24003
21373
28845
32373
17348
3025
32756
16924
21919
11284
22759
22598
17747
1695
2963
15263
25200
11792
7209
27493
19404
12340
25169
7532
27000
30763
29376
20838
17138
7110
18189
10593
1436
6196
6080
11153
20333
16862
7341
20816
4583
27535
10112
1891
8521
2264
19608
895
17413
20403
3609
4875
22132
7526
15676
18216
22217
8874
1514
8687
27972
6925
22666
10489
17576
5013
9751
293
18158
1190
8821
30613
4667
17189
261
7162
14864
3294
24439
20498
10432
13347
21215
28783
13608
11958
19211
31353
16538
3050
16404
21430
28954
5636
24116
5705
23501
8935
9175
1721
13230
22513
9717
5876
20611
25888
28318
6804
8720
31609
10711
4192
25482
682
5284
9494
9038
20974
25190
21352
29395
28721
3175
17732
21213
8053
16308
23128
12276
14196
23851
30678
789
4998
16340
1396
27303
6086
15733
15288
20400
4464
5472
10098
27465
30350
16784
1674
16464
18644
24052
25083
23900
8136
6667
2336
31478
7718
26801
21039
18950
22146
25145
17411
1675
25391
3259
3358
8847
13664
32431
27630
7515
24461
4027
27727
23271
24344
3018
7762
3988
10545
7262
10812
5149
32503
23591
26066
13771
19679
18644
20180
22249
6490
1833
3784
29560
18098
11602
27640
24100
11317
1911
19390
18806
19094
2704
10751
29002
8080
27003
10742
30852
23756
75
9267
20223
1541
2532
21987
13254
14954
21445
5457
10119
11588
25636
12205
25412
4568
17984
21517
10060
32399
28915
12209
30314
2900
31622
8075
4444
12094
5322
6910
18054
8559
28772
15335
27112
16700
7785
2010
2382
18830
299
24238
12486
21383
21842
12859
21335
27753
46
27490
11248
17076
6219
8270
10911
11919
23622
32762
16899
6505
3040
5875
10500
2272
22353
20832
25793
20706
22751
24127
11978
12562
19630
22513
2960
24941
31450
22009
9498
21037
1987
19457
15865
8941
7848
23069
20605
5391
10872
29268
11817
32091
4324
30557
13157
30952
9145
14502
25459
26944
15469
28571
164
31679
13815
8740
29900
16444
14564
3695
7667
4844
3496
1009
21325
23938
26930
19879
13933
29595
26563
4514
9397
3674
10751
18882
23825
11087
18501
14786
11749
21150
4156
1652
16195
2141
16558
21070
19810
27965
14234
806
26443
21101
18052
5434
1494
17595
8464
8051
3797
21245
6607
27883
6287
5039
8537
20396
368
11741
15260
4283
12286
26948
24435
8533
3855
2484
29819
29048
6713
31160
25378
4005
3723
2169
27392
30181
4986
16096
13163
10250
28702
4091
19013
1847
8351
26786
1305
32418
24554
25178
30822
28057
31144
7545
31035
29379
30832
1675
23812
31913
1083
2805
27556
17268
1305
216
14276
4088
24099
17976
20842
29682
21681
23390
1741
22414
30669
31866
10088
45
7143
32397
32077
29796
16074
29574
28860
24904
26574
22955
2548
25833
22607
23099
17737
25116
8287
23378
28023
16766
27576
26892
28726
17333
6900
14829
24846
18681
32001
21121
7789
12756
15567
3135
19703
15653
22347
947
7453
1899
11665
12765
3825
3904
1885
13524
10296
25380
6595
2990
20673
23676
26145
18852
18678
3034
1361
1138
28337
14975
13091
509
17489
9503
11786
26936
28172
21476
16149
31304
6535
13237
32289
4583
931
21687
9806
31750
4250
29204
3759
22966
10828
9980
6982
7752
22739
29930
14895
26547
18781
32553
16667
13879
14139
8086
16128
18240
27445
14503
5647
6029
17697
26796
29159
20625
948
597
28168
9498
16023
28277
138
24880
18109
23301
32015
12608
24821
23404
17398
25722
3771
24062
29137
11895
22868
6850
8985
11295
21274
24440
8225
12234
17172
23770
1353
6309
11977
22819
15220
14680
13910
27598
21692
4581
30399
9888
8548
24787
26243
20456
4365
20365
24691
4614
13357
15877
20675
17450
29118
29084
14434
12382
17715
11078
31367
31431
6320
26857
10381
3623
3962
22023
16384
12711
21677
12189
3832
11220
16941
8011
12965
5863
29662
20916
25644
19017
6936
19496
1969
32086
9813
17793
12725
1890
4397
1610
5795
24825
28805
5159
6309
19051
3843
11376
26556
15240
11717
21024
26640
169
15698
29422
21125
10480
8912
26553
17294
10704
23928
21545
11334
23503
8264
10644
22973
13450
13303
20766
1679
25082
13614
16677
10940
10999
757
476
32179
14586
29036
25909
24240
12071
5307
30213
5960
12939
14411
25187
11331
18338
22071
25936
12457
10524
8957
29598
20255
31712
378
12298
32116
1106
29461
27308
3704
16593
22586
12177
5645
3460
5386
10406
21376
13655
28240
22231
5657
5184
12983
26233
20464
11975
1083
8933
19203
25285
21982
19814
13446
5484
29084
23382
29306
647
6816
24451
30593
4355
8120
8920
2289
20655
29191
12345
11047
1344
5114
22446
10270
25240
29821
27844
25664
24136
2670
17456
30075
14931
17489
13494
12440
11573
8262
8009
8392
19235
57
17012
7552
5269
3673
23800
29319
19970
17867
25527
20046
1258
29599
20176
27263
26138
17411
16908
8920
18732
12214
5241
28218
5453
24000
31572
28157
25411
19809
23596
1927
174
23623
2629
15389
14477
32003
29499
13048
1285
12734
32487
10652
3678
7976
9862
15973
6991
19378
1816
18787
22139
24317
29447
14184
3387
30098
18185
7006
19358
23763
1607
27102
31150
19250
447
4863
24053
26784
3815
28268
10560
15176
4499
11706
28579
19582
23832
18680
12989
6642
12466
6535
24893
10026
21283
5932
28581
17199
4509
27491
28239
22150
9698
20214
16557
19809
18346
26063
22996
29207
27973
3338
8764
19410
32641
20303
27329
21895
1230
29535
4334
8492
1952
22764
14459
15141
15381
6062
15892
25087
10456
5299
18269
26208
22341
503
5170
18238
20174
31796
30003
24144
24477
15099
2944
12482
122
1796
13761
14381
17392
27331
20074
14278
10411
20795
7997
29142
18725
1815
11792
20842
11906
20983
18128
23627
19128
4616
26310
304
24050
8663
27929
5683
19255
26727
13460
7042
8262
20865
31402
5719
21701
8267
14263
6186
1179
20508
19593
17957
10651
30607
10527
29912
6242
25046
20656
11310
17538
21073
24304
10143
4064
9823
29326
9896
10586
18805
8449
8568
16045
12141
22404
13805
1430
18720
19807
24766
24632
10038
27497
22266
8382
16189
19659
5041
12353
1785
15622
28144
7404
23035
22328
19187
21342
23925
10907
16535
1871
22093
2126
15374
3959
9584
24152
214
14507
24169
17386
5100
21578
11314
6884
26429
1495
30794
27291
22877
5095
2055
22489
23931
16446
1070
24102
24469
27445
7873
11846
14568
1631
19224
22019
18603
6763
15411
5421
1276
25676
7503
990
6171
19864
14519
28162
24022
17454
221
2071
21828
13596
12201
24882
23222
11968
28689
13891
15851
28205
17898
2713
2179
23503
10238
10665
2230
15187
94
30219
29766
4801
1786
10693
14258
3307
10862
27596
17837
23307
31519
24264
31438
22952
19591
3352
27017
31929
205
22038
8798
18189
12953
16540
19536
20714
12582
22215
8601
8693
665
28410
9372
25169
24721
1574
8475
9995
25343
3913
19882
23990
19768
23605
8548
6994
12616
915
12764
21107
23945
26663
11607
13471
18549
17750
17720
17143
28345
25829
7355
21017
22410
25091
4070
1350
13116
7562
26301
1216
18449
18306
18614
29558
8527
8679
1132
26595
13461
24747
32663
27700
29038
19199
25404
18857
28455
463
22561
9021
11486
3979
26500
9097
6108
9517
21516
16870
19493
10360
32512
25298
17228
30589
11703
22421
25996
1380
17232
292
12565
13417
17059
6725
27556
4389
11382
27892
4694
21263
3573
30469
31678
17986
21340
16908
24629
641
13047
29306
15473
4984
17484
21000
16986
30276
6039
22873
19480
4150
24950
31962
1393
724
3814
16622
16210
289
21870
22856
8619
2591
5018
22423
12160
11409
5547
11625
20798
14341
4749
1353
22859
32530
29961
14123
14048
3807
17724
23563
19227
32740
17992
17616
5200
17397
7241
22646
9121
5500
3723
7532
4302
27654
14842
29243
24654
6657
18393
14697
3998
30659
31927
31901
15321
16335
13215
19203
5769
84
6544
22258
7356
17911
15660
5837
17499
25554
18100
27943
5048
31933
27700
7210
22374
12748
30203
2105
27213
6681
26446
3540
17405
26563
8030
28348
16707
24118
1655
6744
23290
32173
7033
21848
16164
2038
30092
1176
58
17013
3600
8007
20160
6508
26323
3144
28955
2170
24711
28376
28071
27745
21875
9842
6917
8716
19560
1519
2738
5840
22519
1522
478
11762
30177
30339
29819
8041
719
29690
13972
13286
5699
8991
22496
530
23247
30863
23959
4374
13957
3938
20100
1121
22446
21258
17756
13477
31167
126
32078
23075
30344
17049
3291
11305
30639
28092
17128
6617
23645
7867
23057
43
10039
16631
30273
310
2192
16327
8319
24747
22748
26397
13579
2466
5992
14182
30634
8601
16713
12465
16958
19641
5267
22804
409
1884
5067
587
29843
14541
23966
4771
24922
25422
11474
21783
13578
5472
5246
5304
16766
62
19574
1874
3429
22443
8714
19276
27288
24301
24816
31952
18091
18202
18558
9772
27073
17042
24860
3960
6053
29133
17914
12665
18199
3415
14078
20422
25444
28952
1793
32297
19514
27865
14906
5448
1977
32260
26874
23173
23245
22187
15002
24354
15292
21964
3250
23209
21243
21716
6796
1163
32326
28257
14553
12551
2543
8780
31138
13645
5239
31463
19585
22244
20571
6019
28432
19017
6192
16438
16802
1241
2290
26331
21553
26096
5786
14681
16280
31571
20206
10537
7938
25803
16029
3090
15779
6931
11403
14903
19622
7668
8042
19796
13670
19887
24970
25925
23520
29595
30450
5576
25961
15887
14767
24963
22428
13186
4204
26185
9111
24817
29507
7833
29031
18306
13011
23655
16320
19814
13715
24863
11249
13827
8037
14056
30232
25939
5999
12070
5522
29319
8230
10818
29110
19953
13739
3245
4803
32288
9819
1314
24342
14413
22946
2092
14497
22518
30991
9449
3736
31176
12206
5901
14189
15810
29586
14889
9983
29848
3505
16942
21775
15445
21493
23853
26611
20549
18831
8800
30606
4114
6543
29294
31871
557
8113
11499
16281
21871
29562
24350
23955
9729
10628
20488
13057
2425
16151
3489
17539
9797
25592
24421
30525
23117
5766
16911
11655
13524
17922
20645
7141
18335
28463
16052
27193
4954
26395
18397
30007
4919
18492
14480
17434
11224
13758
29720
1685
367
26908
7128
12045
31012
15854
15316
32005
27063
12290
8307
3034
16230
32685
14723
14768
5905
28771
11901
31404
5276
21894
2058
27748
30869
24956
4807
15763
14614
27396
24389
15890
8685
7370
853
11011
16379
17209
130
2895
7130
11408
29662
12372
1987
20280
29442
11991
1198
10837
14928
25664
698
5275
4219
23558
208
28002
842
10600
20355
25597
24984
2398
31547
18760
5792
24783
8595
8065
19063
27396
13823
23641
27610
11357
31154
4426
1834
32066
10943
28202
3765
16733
11902
20993
30775
7942
15153
24088
21409
19199
17639
16210
16152
15458
12705
8639
23617
23767
6324
623
10940
2314
4462
21380
27630
30045
21756
9867
29700
19162
14219
20749
3124
4203
15534
16224
19014
13389
19200
27075
340
18882
17162
8107
12238
20230
32103
7511
3776
3973
29733
8106
9816
30283
7023
27194
2979
25788
11625
29605
11159
24965
27996
11300
18262
13266
9747
4706
1457
16066
26501
2702
15851
12567
18356
11182
24512
23859
10964
30519
7334
19776
22192
11995
13907
26542
21834
15523
5759
14306
27329
24893
5099
12076
8824
7319
2210
29178
14197
1197
7551
1356
23559
32415
28399
28776
9388
3590
28408
9935
6705
11912
10363
20079
14107
27562
18358
13850
21574
10982
3084
4151
18636
23550
1801
17848
16680
911
19617
30028
4508
21481
30904
29397
2000
18462
11752
23324
32699
30041
29054
4035
16326
1649
2245
12156
24623
5566
15240
24185
16812
22828
8146
29476
22354
21645
21240
23311
18356
1588
17369
19502
10575
16831
29285
5700
24102
11572
18524
10395
21161
5200
28504
8184
9179
1563
18446
28878
28852
28864
26321
434
23236
12188
14680
18959
31258
16277
14784
18715
18532
3501
21204
26889
18264
5078
22925
8833
26194
14345
16341
29773
27454
8594
25744
853
25272
30894
9437
30413
23410
17495
4761
25773
28886
23135
29734
25185
26861
5564
29034
3522
27008
18211
4634
8774
2173
5080
28984
28275
15259
14020
18906
15770
27457
22472
16686
2497
11429
27985
4539
2529
26417
23596
31721
28754
26922
18844
8132
28035
12179
21418
9213
19182
25935
9149
20017
12875
23943
3946
28782
29956
3403
15245
20468
26602
18556
30105
26936
10022
17897
14124
13615
22130
11960
2023
21448
12681
15624
12668
16315
219
11732
31240
28545
18054
2586
22692
1955
14210
2877
22582
568
21787
7849
7310
28585
15013
19637
15790
13496
29547
1741
28008
27073
27880
8400
6959
16191
22842
31159
2599
2961
5587
6008
3454
26111
27250
14889
24319
29432
13393
10857
17380
17821
20896
18172
29676
31364
24883
5557
30382
28597
10872
23449
27437
15865
16811
65
28076
22357
15437
16512
4036
28369
2514
29766
5811
3453
17562
27588
29687
30902
3874
10193
11292
19878
20860
29069
8146
30218
27388
5444
27458
23096
11317
17557
20386
29792
11555
25555
23303
10514
21418
18091
17019
2304
7743
8199
8784
24582
1766
10547
6324
13671
4700
17470
28293
8538
24469
7588
16998
7109
19305
4393
27154
10312
31882
22024
32240
893
27577
13901
17128
13694
15417
21888
26230
11688
30852
19075
16636
19359
1854
4285
4701
31122
27751
5241
27847
15297
10964
24200
16848
22844
23008
9006
17861
493
17247
14396
7486
5592
7635
13945
2294
29090
14051
19014
986
25680
8712
30594
1888
12882
16266
21676
27162
18880
12203
327
3211
3043
1569
23427
18489
20471
20938
14617
21763
815
19612
10103
6325
2554
18395
30493
5338
18053
10382
5703
26322
26753
2099
32460
3620
27174
19890
15174
27925
24184
21136
18291
14201
29897
26725
20443
17353
21887
21136
5299
29302
15383
2089
29698
8061
29290
21047
24322
21052
4399
6691
16073
8067
10690
31853
3112
29167
15652
29598
7892
11379
9282
12158
30659
23352
19834
27782
2777
26279
29531
24472
19396
31940
12460
2542
549
9405
5552
2385
10480
12482
8873
14475
23829
536
19355
13342
8032
21353
26962
5942
28061
32095
15270
1245
30465
26993
24830
20846
28613
9980
26387
24652
18452
22165
22775
2515
18983
24478
28245
7567
25519
9239
16378
21676
7795
9911
9620
18606
3130
22331
8378
16995
10731
30975
31021
29973
32243
22475
28254
31235
30183
16111
8752
8211
18282
26258
8446
25537
22610
19271
10976
9051
29190
9185
8746
25456
17450
27017
17206
14214
31359
9741
2404
8971
27140
31867
25950
1678
6498
8175
10401
27951
10374
11433
19001
20052
23440
5986
26827
6046
19692
9952
11737
4892
2750
11209
30274
32190
9092
27317
25608
25100
26103
27782
15702
2839
22577
10492
15554
9136
10773
16260
14031
21977
9964
12881
14518
32377
27212
22446
1126
18772
23614
30099
3529
18745
14495
15222
23881
24701
9671
3683
31635
3497
7785
23375
19098
28784
12986
25514
28639
6884
25814
14387
13297
745
9311
22032
31535
10217
11623
6686
15317
16585
20112
32390
5431
1564
23153
22161
27719
27799
18492
31933
12637
25541
18334
10000
13112
27900
19431
21932
9024
7824
21099
4004
12045
26438
26664
25102
21293
9740
12969
21849
19234
27111
42
19681
17067
28204
8956
1217
11333
9971
7211
8680
24816
29129
22879
2160
27958
16037
2560
27691
12138
17694
20381
20350
11054
6618
19855
25714
13879
14410
23513
1032
25173
21652
24915
12237
18605
2513
6408
20911
6729
14457
18140
11791
6612
10523
8050
15383
25246
18258
26444
22606
8423
2292
3380
1385
8025
21900
17371
12133
19926
523
24257
9426
9588
13498
30292
14962
3526
17779
5980
19714
10078
28177
406
5464
8079
24357
14751
686
29048
3307
29204
3902
14397
18556
4088
17167
30360
31044
20054
22798
30609
2743
17703
14944
11401
25152
22389
17399
11389
29050
19649
2659
14473
14499
6563
4075
27051
19790
7088
8413
27594
14679
19616
18978
27127
17948
12465
7701
4082
2026
1094
15254
17648
15798
27860
19289
923
22798
12542
26500
29531
16975
15359
8570
9940
11543
28745
6641
9136
4349
3435
24395
6046
6784
11576
1571
24218
10302
7206
12326
15984
10343
4340
29988
31611
27248
1936
25190
10931
14604
17207
1091
25831
20568
15326
11758
16198
1109
31441
29586
11556
11164
10906
2721
12027
8781
24100
1129
29360
31049
21280
5864
18712
9633
13224
26593
5307
17486
6946
3631
5592
17954
25192
15706
14249
6142
30502
20328
17127
6982
17027
8437
6545
658
25347
29574
24554
26278
15787
18971
14017
10149
10855
29699
27380
28289
16298
14836
15927
25270
340
24923
11538
26680
30424
31217
22057
31145
27806
10639
26304
29392
25766
27203
12414
24391
31343
28323
19569
8563
15895
8289
28499
1465
19139
27936
21260
5615
7233
21894
22903
16657
26604
29331
19561
11062
31952
25905
24304
14786
28431
25612
21464
12252
4740
23459
28020
28451
2213
21664
2715
12444
26030
5220
5360
18927
12540
11239
9318
21204
17590
26815
31748
16072
20659
23678
17382
16132
1176
28225
9349
175
9537
10886
10040
6995
4451
17726
32762
17294
31087
548
9325
5642
20153
30540
21535
3758
11737
24063
30220
22
18513
26054
28517
8001
4465
15813
22416
30602
12920
18506
11632
23258
2556
11430
29158
8731
14988
15164
19352
20976
3219
22487
6129
30627
10111
24129
3433
21087
26147
13585
21254
7327
19034
708
12578
2534
21486
14607
16240
19633
16056
27252
13370
14505
27656
7700
14572
21790
31559
5572
26582
29617
21978
14946
22318
8016
12874
8810
21844
30568
21154
26308
14938
19285
537
14816
29380
2590
5617
29957
10124
23135
30111
4070
10090
28294
28204
13943
30034
26946
21723
28926
8253
26169
15628
4717
18476
31482
17760
24815
29802
17458
16414
11457
7954
21282
15062
18755
6610
3920
10564
7247
12270
24701
14198
14281
10632
13528
1841
12663
5150
14193
23698
11539
29780
19184
32241
19615
17652
7303
19210
31481
26419
25381
20319
17583
26678
7917
21464
13076
16340
27878
13229
23956
27806
17140
30853
9540
4380
10247
480
20157
30298
15506
15282
28203
6051
10047
10320
22945
7053
14817
16784
5552
24118
25257
29996
28727
28876
15774
16488
15740
12883
23111
12021
27516
26018
2474
16660
24448
26799
18555
31999
20977
28941
6541
12164
7277
29107
25740
8179
11802
3583
11502
15162
6715
15867
13607
31311
29953
2014
25116
1998
29347
29398
29403
26852
31921
5892
24713
11627
12709
28360
31387
27478
699
19776
4938
2384
25602
7691
20544
7328
17075
21075
29592
24144
13762
7946
12549
31630
7348
28787
25425
17746
8368
14053
13834
833
19416
28876
6008
28114
10970
5616
1745
5039
11457
18426
4784
11870
13586
27700
7108
10784
5140
4752
12229
25881
22895
19948
4269
27058
13560
24980
15396
10300
22988
26632
1852
29654
6044
22272
8798
18064
7751
1198
6533
4304
8110
4675
9385
6133
17348
24500
23679
10299
8932
27838
10079
7646
14952
19240
29317
2435
3959
1608
2941
29651
29726
9160
11737
1129
8866
8618
6437
4078
8981
5514
17181
20866
12072
20771
31261
21342
2112
12309
3032
19128
29644
29414
17485
27367
20949
19270
22775
29640
470
32151
5188
32608
2511
15276
21833
21187
13205
7377
14260
13876
5228
22284
30722
6285
13015
7587
26610
482
16047
18654
1849
6497
3955
11022
5239
17020
23775
14030
10858
5451
26048
23177
15713
13867
30982
13629
3316
20652
5403
2174
24051
14762
4467
3005
4252
31929
1637
1226
26385
22727
26425
18840
4105
28668
642
3905
18885
12005
23726
10825
12614
11986
6363
9255
4541
6012
25580
18945
18499
17387
5596
6328
4042
11927
32083
10788
18771
26830
2423
1953
5218
8533
17925
1482
19375
32338
23968
3460
14879
20073
5737
30271
7154
21798
31951
21880
16446
13979
12457
26498
24220
17994
2178
30087
29985
15685
32563
23754
17040
7059
8120
6958
12493
14550
25404
1276
17301
18475
13686
2017
24429
21330
4920
7990
31960
28943
30533
23940
7117
15055
2404
12104
2920
17807
17330
15091
23008
8698
572
565
185
10193
12493
10363
8507
4240
2821
695
25890
9551
8875
21599
22423
998
8260
23992
19039
16212
29157
8020
6995
24418
23621
30425
28176
899
8726
30981
11759
11519
13718
11503
27704
29776
10337
3216
28306
11724
19849
28289
446
16773
16872
15622
25733
14958
20149
7756
24303
20671
23126
29167
22966
29594
23413
18367
2554
5614
598
13252
1334
17052
3176
9088
20851
15320
30234
6259
17852
10706
32495
27621
20177
7318
13269
32735
27680
25905
29619
379
30960
2582
8769
8285
5600
23232
32028
24450
18064
26264
18202
25401
6046
23320
15834
24686
24788
3377
3488
4398
30623
12778
14176
21096
26051
2635
7449
20209
30798
1657
10341
23499
15050
9250
16205
27047
12983
3099
31585
12200
28473
13128
22281
29546
16653
701
17686
4675
11969
19234
26268
12233
31013
1884
21252
11668
17405
12906
9821
20549
14072
13452
18931
13766
10982
11179
11043
212
14117
4853
21613
23995
13148
3528
7371
17505
364
22993
24897
7046
13220
11381
31926
8522
25397
32623
29186
15600
19173
4283
31816
7649
31239
6579
31110
19444
13226
377
25450
3308
19985
3732
19048
17219
9827
23518
1801
10790
31908
5277
5510
4800
19428
15344
20373
1723
29366
877
30851
29700
16356
29960
20355
17871
14177
29750
7238
3804
9087
23123
27083
10488
18018
12865
25465
28102
16309
22355
2155
27839
31387
31593
10507
17016
14313
22620
25314
29987
2194
4252
3758
31321
19555
791
21685
18967
2288
5725
23386
8966
11470
16130
17390
25599
4866
17732
27080
7886
23226
3566
6040
18486
26427
27261
9976
10550
7195
13440
15940
30091
10672
14405
8364
11126
32200
12977
17543
8383
11418
26224
9194
24826
26109
3151
31610
16649
19160
8933
27518
19426
14042
24953
12089
27795
21099
21024
24182
31107
226
22310
28004
1274
32504
8111
24228
5859
17788
20382
23457
13265
1097
24246
10016
21825
18806
29439
7704
14111
10444
14956
15043
7819
30589
1978
19957
32220
28690
13979
25261
6629
21158
6932
32745
5240
21842
36
15551
41
30952
31142
23210
24916
5604
3448
23074
16482
13727
30685
15727
12615
3014
3872
28094
29775
9227
2683
30325
5147
6170
12342
2756
9446
25039
12051
2428
2318
7590
9962
29477
24271
20851
9361
1611
31569
2899
5374
30232
5861
27874
29616
28456
3723
30382
14411
24216
24249
10220
18306
12128
15191
18026
27449
29155
26894
25285
5611
8645
15298
27868
30026
32253
24157
27780
6182
10027
18383
12926
11152
30763
339
5542
4927
19690
8691
4204
24883
11128
9038
21128
28823
863
29593
6890
10220
30516
26852
28144
9828
25707
31134
31708
24716
7535
24156
19333
28718
2547
214
32077
7030
8578
23602
14930
22355
29790
12934
9193
18720
13959
15256
22344
2948
282
12520
22914
14999
15836
23280
32697
2886
28951
938
10126
29176
21925
29267
21469
7282
32586
21615
424
17143
30535
14349
18768
5300
1835
31564
8203
17244
9709
21790
19858
29200
15160
23372
27162
2945
11526
10682
30854
17240
27504
3821
28891
18134
28356
25034
20212
24759
23513
25760
31095
5213
17055
22889
5383
29738
11002
11085
6075
14126
25553
20840
12495
20994
18530
20173
22682
5875
28632
29643
7360
8547
31519
17519
31913
4205
29943
10313
27186
21704
30791
18291
17058
5614
4276
14544
21471
29309
2419
26002
16866
8157
7771
17919
24680
11555
17215
23412
21738
27957
30074
2986
5328
19503
19403
16696
5090
5126
14436
30041
14079
25708
12605
1776
24337
25075
12974
713
8256
24692
20541
16674
31078
3250
18357
31850
8131
22843
19064
17736
13043
12943
28949
30687
27932
16004
3357
5713
9068
10985
19763
11393
10947
20330
26467
8478
29868
9907
15797
6109
30866
25305
12545
18693
15665
8437
5636
29233
5706
18
180
17489
27291
8009
22993
29427
5646
18218
29373
18625
15409
16990
2957
25930
7910
10635
32608
2053
19804
9848
2799
3218
16189
29298
24934
31812
12329
5102
883
22749
20324
8047
3228
1176
6091
32682
27349
27501
25613
2280
13394
20880
4887
23469
3994
27451
20688
23191
25053
8621
22279
14216
14215
10611
15017
23560
6933
19942
6456
12516
20007
5621
14968
2331
6359
9764
31340
13307
9034
981
3968
31368
3460
7622
264
3101
14721
15836
25065
7766
31617
18463
9110
17452
9379
27397
5439
16482
7093
9459
25413
22305
30795
17153
10992
25311
21518
15614
30308
12421
18007
4788
13521
26320
15869
3692
747
31991
11627
4277
22426
1167
15605
18786
26866
19116
30572
466
23909
5194
9455
23668
7479
31211
18437
11657
22579
9857
28905
20780
5021
32141
23333
8848
21607
27785
2402
30858
14759
27524
21375
19279
6985
28940
6880
26494
257
23888
6409
21089
1412
8326
31851
17264
31224
8331
18301
22294
23977
8649
9743
24248
32253
14174
11484
29172
21162
32379
14174
9510
27174
10505
22502
2353
31328
7059
3563
22652
27053
8800
13986
30010
25605
479
27600
7407
20591
26185
17629
29999
15034
30337
11817
21929
1390
3647
19107
29541
30722
25453
5015
20810
32079
6865
10951
6627
9797
4077
4798
18019
17629
21539
16737
14054
13134
10525
16583
8185
7044
31340
21066
29021
21198
6767
18398
6664
7639
18039
1954
19821
28887
13864
28085
11773
10
14883
75
238
13410
11746
10752
20283
22649
16610
28268
6124
4553
23304
19703
30615
31263
8254
17902
26919
27981
22365
13783
988
24351
14415
31490
23187
19857
25973
6497
24648
9023
5190
20633
30169
7709
10553
22617
1292
3688
19173
14059
19668
477
12391
26121
17104
12072
12037
14833
11797
13727
19217
16060
24365
1328
20495
32747
10591
664
13338
28227
305
15318
19075
22491
25644
16608
2492
9843
28127
29844
26740
22535
15911
27121
5636
26020
5293
8583
4618
3195
17839
15148
26451
11572
27652
28657
3583
13700
31834
26709
14559
18434
7619
17080
4642
5686
27504
24082
11057
8435
955
15588
9175
21223
2155
5231
19621
10609
29748
23589
18581
24498
27006
29021
29165
20455
24168
9034
1638
32502
18955
15150
24206
1606
14083
21707
13419
20436
24364
6938
15713
22660
13481
15680
6997
27829
31787
12222
26899
4887
23663
3560
26093
6593
1801
12184
1189
31102
24161
18211
24974
872
15611
7052
25581
3257
16891
13048
3749
3293
18152
354
17428
25036
25264
28560
312
11926
7660
20038
21526
2111
15462
2489
4444
25806
16344
12614
3397
161
2039
10084
23485
11779
13232
3544
23494
17153
10162
16936
4634
6521
24108
32337
5905
21875
25560
29116
7110
26036
9784
26223
19061
29329
30496
18049
1576
12034
26996
5584
19859
16375
27443
13302
17724
11759
16564
31352
11487
5318
17712
2881
17424
1486
5249
25423
25122
20514
553
1453
17736
9015
406
21153
23802
16308
25509
24358
5018
10884
3428
24732
23384
5673
3100
191
595
30291
10895
11734
4608
29105
27518
15148
15824
9735
3438
26052
9485
29313
31660
4425
27653
15431
20623
20804
28779
24913
19709
4754
7418
19837
26928
30996
8283
26078
25274
17832
2889
15959
27591
22616
6643
19817
24483
8914
11426
4682
8316
7960
13211
24887
616
7801
4679
18954
26538
1216
15761
19727
29233
17323
6544
21012
28257
10911
23142
5567
23318
24217
27752
293
13030
3688
10111
8087
23207
14106
20941
9919
22833
3252
13716
17645
15461
23334
20052
10667
20335
29565
20788
31895
1607
31067
5283
13938
17022
9380
6975
4212
21815
19323
17910
32226
25204
18541
29035
25571
2451
4331
667
912
30488
4094
9920
19018
17324
6454
19062
31824
17510
2020
3100
28048
12362
24200
11645
15550
16143
31373
18607
17572
9510
12340
19516
14265
4343
25295
640
6644
3438
27951
10322
3298
28086
28255
22247
8695
9796
20115
17650
10018
14104
4187
8976
8611
2879
16924
5988
27425
29085
9153
7294
9463
4841
21678
18306
30160
2297
7669
14726
17779
31552
11469
16443
27360
25749
20800
27088
155
26165
5411
4115
21320
19468
16203
7898
7800
9776
5886
6561
3011
7087
31656
9332
10263
23178
9423
5136
17231
18689
7753
18757
28167
23569
21677
23454
2479
14140
17927
22340
7903
31112
10960
4640
28138
23498
11037
23616
28086
1060
29718
3964
11467
13005
16810
16985
18601
11280
12417
8749
28511
920
27698
14468
8025
11498
3511
8131
6522
30003
15902
27403
14699
19012
29056
17760
10290
29403
20023
3083
7430
7204
5196
26684
8289
24703
6447
11252
1368
11140
11179
30242
3368
8004
29720
25101
26897
24274
9427
17905
3687
25091
3819
17645
4326
13937
28445
14364
30534
20934
1795
13059
15887
22839
22152
10027
31919
590
2463
27406
24777
28909
28213
10296
29649
13968
1635
29862
24278
22226
2793
7026
8350
30003
29144
22706
27128
4120
19854
3229
5198
27923
6119
10735
26234
6757
15794
25487
7130
10689
32354
23919
24999
2131
29702
25780
16002
6145
22396
29464
6224
28145
21729
396
19528
23115
1099
28193
3402
7488
23227
31016
31859
27979
10061
7576
12270
12982
28850
18609
7181
7265
18144
13535
4760
29119
23816
27617
19557
17953
32713
13354
12584
28983
15267
28040
20877
28883
18350
8451
18308
6129
2188
18440
28892
12021
16284
3783
14356
26931
14960
5593
24430
21428
5762
30502
580
8503
27938
4614
16543
30583
31667
25254
18694
8620
7191
26798
13460
19540
8552
24864
26958
11827
27881
22403
30387
17049
20284
21058
8340
30947
2517
7759
3109
32068
1198
32267
17237
32454
3132
16234
603
5771
11171
32082
913
13401
30502
4165
15750
13398
23265
29248
18254
527
16826
6627
22301
27839
10389
4305
3861
4303
29127
18778
3163
31385
3277
30552
27760
26225
17983
28758
15551
16870
21503
22264
2162
21061
29110
5527
30858
9311
8577
27691
14895
10636
25831
5486
8004
9712
527
18238
11583
21501
10543
4675
3640
24889
3656
25811
6207
10306
19217
13586
24307
19471
7472
5726
849
6264
21680
15850
13769
19449
1712
15016
7831
11955
22616
25709
8272
6835
30226
18000
10427
22903
2806
2131
995
31406
19589
7237
25962
2112
28315
12774
7200
15246
5023
13901
9172
6139
3325
25223
2411
3755
32726
7553
21807
3979
16886
13607
28521
11153
774
13006
13105
11333
5634
20175
9093
17536
28398
18293
30361
15987
10437
7962
27502
19180
10163
1420
7590
21973
11139
28854
19351
1021
26203
10364
17054
15900
27559
18918
26037
27921
2899
1409
584
19309
27965
7426
26437
28725
234
25645
29299
30436
5496
18677
2052
26800
11731
9957
10349
19214
25900
27070
6261
30584
30631
17250
20364
8302
17236
30960
8287
10171
21857
2865
20393
10745
22414
15923
3404
25431
29152
17459
928
20890
29850
4032
28939
14178
24169
4382
32722
25775
4831
25321
20526
26787
21794
10746
26787
4234
23270
11407
141
22551
2968
25765
22780
12016
16348
4521
6081
14190
5434
3408
22729
25245
10772
26564
27050
3467
21980
3840
25468
959
12676
1405
5866
2823
1077
27662
32392
23671
26691
25352
11112
11950
15457
1703
24552
13659
13585
2733
19661
14848
8799
14668
9366
12790
15823
22854
30986
30130
5268
16211
5908
32070
25090
3779
21712
17962
28230
28004
1510
17981
17749
11942
2583
4103
23074
14845
10773
3137
27156
12423
13976
27799
13495
5615
7598
15276
23474
145
27218
11871
32505
5343
25153
6733
26947
20483
13833
13718
24767
26054
30563
997
28674
13744
18882
5290
15172
7024
300
30378
13773
7807
9033
1210
19370
17665
32442
28615
21412
3564
19627
10778
23923
22123
4268
6106
12334
11909
10940
10451
3334
24826
20391
16245
2612
12909
23443
2336
6704
7112
13013
11167
4900
989
9481
27634
19104
15433
1633
12880
6543
17822
29501
3948
23658
7873
29180
9976
17323
9104
26386
9063
2181
16072
3931
5880
22994
29478
29872
28144
5453
32717
4279
22054
8449
9192
4607
16325
30977
17808
30540
23374
17754
32752
29999
14556
3142
23719
23002
27820
21666
15469
25395
23772
19618
13050
15143
7283
18628
23076
3649
30626
12034
24647
28795
5450
8780
21993
1108
20925
565
32414
6178
14025
4845
10538
11690
13555
24943
21222
8174
512
14331
6757
23366
16570
14023
17750
23474
22000
25842
23980
25967
3775
19897
10749
11208
31760
32237
1320
23087
10082
30116
22843
13196
1226
25136
16788
15317
17975
13389
6214
8159
29691
26270
29374
20340
28295
2139
20902
32165
15734
24644
2057
31585
20430
15321
7608
8263
4482
16076
12525
13753
31291
18103
6959
6194
31063
14091
23925
729
25394
16712
6030
14678
17317
32116
3776
996
14797
26310
1968
12711
16654
4258
30593
5441
2903
10186
20544
12192
20647
5074
27776
32025
14288
19668
24129
6331
15483
14694
9495
10717
13932
10441
3976
20474
26119
15715
19381
191
10771
23407
27453
3169
17087
28660
24158
15412
17890
9203
10845
16250
10375
20453
24360
23160
425
17253
4155
3024
27195
13609
21696
7178
7788
28470
4858
19316
17448
2900
6883
4652
31458
21440
21524
9851
6289
7202
742
15716
14328
9918
26839
14717
31787
27118
17455
15358
11599
18896
29411
19480
4769
6716
15545
2184
11706
31993
2221
5995
15121
28720
403
18516
7105
8480
28159
7324
3212
22292
16226
10745
20000
2706
7285
2898
8858
31958
27355
21458
17481
25471
7170
14396
14772
31879
16714
25214
10974
7800
11113
9096
7112
6365
6414
30558
12344
30967
14532
3948
23737
1714
537
22299
10467
3543
10752
9889
26332
18307
13941
6173
1055
30680
30047
13027
22396
5106
23226
24852
4192
1053
2549
25459
11095
22085
3737
14195
4047
29870
2092
9109
15135
13541
19797
24048
7368
21238
19009
273
2042
11487
7748
17158
24154
21061
15556
8886
22530
15462
5459
32628
3273
16975
1819
20179
8901
7502
9087
25787
17935
4523
1023
444
19910
3987
14172
7075
12887
24661
2557
5195
14587
13265
11666
21174
30849
8748
1015
29276
6989
30153
4443
31939
673
20853
22945
24912
12059
1762
11526
8029
4735
12631
10245
22156
11959
26789
27256
12634
9752
8285
18943
24055
8423
1856
933
2389
11292
31479
12481
4222
30053
25605
795
23596
2158
3577
3152
6803
29024
20456
5240
19330
26792
6426
17413
21162
27641
13828
9454
1085
26772
24950
16142
24508
23239
30230
21447
27914
1715
21517
31978
28612
11859
20224
13019
25813
26810
14402
32240
32324
32412
22856
22299
4433
28688
29277
31689
10945
1940
4502
14601
15734
7762
22025
29169
8002
30114
29498
25917
18429
18895
2262
30266
1749
542
8868
31971
8678
8716
29880
24905
5131
24536
10218
1592
23795
1089
19078
18199
6007
30609
14661
3344
18986
8154
5244
16241
9778
29824
5524
4946
10327
27383
22714
32377
20570
8398
28375
20858
25224
26349
19395
15650
26510
4635
25782
18198
24207
13507
4863
29112
21876
9719
3832
6986
23428
31157
5945
22614
564
20073
6156
19789
24640
5044
26401
19310
19194
11884
26499
13545
14818
7652
10699
27717
2168
1645
23700
21247
2638
17692
8494
7028
9569
28878
6295
29184
26281
27754
15526
16744
17647
28262
22922
5749
1503
8589
15219
26338
31070
17151
25743
16249
32542
24953
24376
7544
2671
8662
108
30521
6232
11478
11901
14354
19430
10783
9
13179
9412
27777
18221
21358
1036
13182
23798
1556
29533
9738
16664
11933
25134
27279
25059
7535
19809
52
8306
21380
1307
15711
25894
5389
1236
6008
22611
3932
4522
6129
4920
5632
4859
8835
23861
15154
22834
28858
18744
18288
18145
26291
18297
21607
4113
9509
32615
3862
982
31902
1505
25905
5158
9743
17322
8643
4074
25739
8215
15640
17238
29772
17419
25562
29302
27383
2341
31098
25098
27936
26936
6609
25236
23825
508
24072
4527
26311
259
26805
17826
3390
3054
32070
22325
7407
30944
9891
15812
10134
27443
12559
12689
27960
10346
31567
18526
22117
14695
25359
16444
25531
11231
20609
27806
13995
2058
9543
31153
6016
20127
4755
31216
7324
4863
6797
29171
22277
1456
16629
22151
10273
782
12041
12548
9406
31293
20137
24027
10581
16482
8377
6511
912
9235
21191
20262
21769
21772
22509
24255
4949
29731
2297
19430
18753
24446
4044
3077
32091
3843
8704
26206
25013
5392
20174
6743
12517
5996
25646
16404
23632
21630
12095
5963
28585
2237
7146
14420
19892
18536
30658
23424
10832
8567
23599
10924
26036
6609
972
20758
11513
23999
3853
15727
985
12961
31781
18993
7094
480
22055
16434
7133
4131
24427
26490
16141
13510
15155
6737
27187
9608
23182
3741
8312
10883
12413
18795
30845
20066
29013
28876
30437
24270
24932
28642
29205
20777
30423
8506
25399
24447
21211
29532
18565
29113
22019
15265
31940
10004
21482
11077
10254
5074
10777
6845
11733
1840
15915
8011
15397
28055
10031
7887
24617
8982
1613
21984
17393
18960
21165
1051
31090
31282
7316
12987
30415
23464
3024
18795
10199
657
7511
25944
14542
7856
25643
9865
32368
21348
20864
26483
7987
19418
18465
4808
25037
24449
32528
2961
17654
23230
30572
23420
17519
16354
2456
7031
28483
5209
19866
19069
13133
3619
25281
1712
506
13705
23179
23721
12880
20232
19141
8460
17455
8594
